1400
1081
97
1828
303
857
2048
1397
80
1970
1807
222
37
1827
1023
400
622
314
1519
2010
1893
1958
467
552
584
1457
796
1681
207
1082
943
1985
1810
1327
1622
510
1793
1868
2026
1324
1199
2122
1257
1863
642
2085
760
487
390
1333
372
1155
618
1563
574
315
1928
1414
478
1674
434
419
1476
954
1849
1176
1806
4
1882
550
1242
502
247
1915
1098
999
1401
657
246
1685
1683
503
636
1018
1813
426
1477
1842
31
989
1553
579
182
1980
1504
1748
923
701
910
1560
1106
1897
160
1739
752
1786
134
1630
1795
1965
204
1758
1416
498
1425
432
1356
1239
1303
86
1946
374
535
1378
767
936
1392
279
2109
344
1853
2116
1230
29
225
838
697
10
229
532
1
14
771
1295
1840
548
1461
1625
284
883
1931
342
573
1363
1857
199
74
1450
590
389
355
1299
560
1484
1975
209
443
1368
1855
345
387
482
970
1876
1991
1987
1235
1405
1640
1941
1353
1548
2081
534
1372
2042
365
460
2019
268
66
1550
624
213
2080
1383
333
1732
1094
1489
181
210
777
926
1506
1906
664
1894
724
3
609
1422
539
1587
518
371
604
351
96
183
563
1051
1434
612
393
1536
758
1184
1642
194
964
1146
847
15
1059
208
2049
756
1804
1269
112
8
759
567
1112
1262
254
1722
1075
321
1953
1761
1472
1604
1660
1711
735
1072
89
1088
211
349
1116
255
1859
1999
832
195
190
298
797
915
1930
1201
1837
994
313
491
2139
1889
1227
2071
586
1982
1831
1802
1514
1878
1856
1133
1318
1263
34
2075
741
1648
713
575
1366
1998
1537
919
946
9
1069
1346
382
172
1255
850
746
401
714
608
2069
1695
2125
1566
1421
1326
1166
2046
2087
95
441
1402
736
1637
595
1455
1661
1819
90
819
2029
2148
925
1581
949
1105
1085
1728
715
1225
592
1632
1283
381
2003
1617
1048
1317
914
589
1636
635
197
1844
2093
1832
1395
1479
750
1486
395
1492
431
481
358
373
952
484
1099
1377
1771
415
927
837
1000
1524
155
376
1744
984
2034
1482
870
399
1899
894
1277
545
47
1559
1408
1487
278
2152
1511
392
2107
1370
364
1110
1572
332
1253
611
555
288
238
1526
436
1293
982
1510
44
32
521
963
2118
912
1972
1161
1733
179
822
170
896
1814
523
327
696
1567
1691
2129
1854
1270
1159
578
1860
2097
833
835
2028
1335
394
541
77
402
648
380
1997
1709
522
1595
305
2012
529
791
1794
720
21
1643
1778
1645
762
1561
513
1012
546
319
403
1817
997
1776
711
286
1769
1070
1908
2104
1610
1992
520
1406
2073
2098
666
695
1816
602
68
805
945
1340
1357
1880
1469
214
1662
161
667
273
1024
1297
385
2035
1790
557
956
1343
391
872
873
1826
1423
1339
1427
1064
774
654
1754
1440
1233
1866
1409
1386
1241
236
1043
1014
1505
123
253
2132
577
1322
1981
907
639
1707
525
193
20
1543
1344
433
877
1206
465
1205
1438
1774
75
1657
2053
1775
626
1325
1390
5
1555
1597
647
1219
1238
262
730
831
640
1605
449
192
446
1365
325
1896
779
51
944
1672
1966
2025
276
1172
1749
1737
632
12
1628
1918
973
570
1821
1760
1951
1380
1703
1328
1358
2014
1114
1321
829
1183
1727
2113
1881
1627
900
167
180
1870
793
1624
46
224
1448
81
828
348
1188
103
294
1247
600
561
763
689
175
662
990
1468
130
839
517
33
153
1825
1009
1528
1173
466
133
2045
2064
1013
378
425
1608
1921
1196
686
1698
337
1663
407
659
806
813
2056
1614
1220
1887
310
2124
899
1523
2054
1352
1589
1092
304
2117
129
1520
101
1289
2091
1001
1379
991
1568
2047
1600
855
140
1451
1611
1292
1200
1770
421
869
1060
1564
789
1186
1664
625
613
1772
1411
881
1867
324
251
790
1888
2052
2088
1154
1180
1590
2086
928
1576
1160
2031
322
1515
986
1945
512
702
1224
2151
1702
1956
527
1574
854
370
2096
1540
1545
176
716
631
845
412
1978
1704
404
1577
581
352
250
1847
1557
729
1765
239
1925
731
256
1031
2060
1265
158
834
1659
1530
1580
1834
795
916
812
122
1848
92
862
1387
2094
334
2024
1429
1820
2123
114
1281
1231
1745
904
1037
1093
1300
1214
1222
508
1886
43
1267
723
1002
593
1483
776
1308
690
1756
1871
718
1634
1952
1960
1030
442
1306
353
232
1415
947
1723
1841
108
895
939
76
672
2089
6
683
472
79
1539
154
1039
1907
1740
1285
878
2059
2095
1385
974
1458
808
1516
1209
206
2101
1782
1738
479
312
1746
2017
693
362
966
1571
700
1766
306
1885
63
1679
663
698
1508
2
1799
1939
1777
1165
1316
996
2058
2043
1741
422
1399
458
157
1811
1584
1135
435
144
1872
853
1499
1538
316
473
1541
1554
307
2147
1575
127
1585
932
2021
100
1812
1927
801
1862
1035
233
1190
1546
1533
1442
302
1078
751
406
1034
2072
851
1905
411
1480
871
1743
1236
547
295
679
556
299
880
64
1724
1763
1223
1470
1596
1435
1017
1068
366
1259
109
2135
1261
57
27
269
786
671
1955
1424
2150
1449
264
1824
490
830
173
2114
135
359
151
1016
1175
450
669
1496
2138
2078
1690
1271
1787
630
1633
676
1635
165
1957
1721
335
861
13
383
1162
1207
1892
1287
1570
1291
1115
230
1033
1768
788
865
1940
168
1243
1101
1337
1394
879
1829
1446
2079
457
1204
848
885
530
2142
1846
775
874
867
328
289
1374
240
675
564
1391
1211
177
501
975
553
1751
810
1601
2067
1431
2016
1607
617
961
480
1193
615
1552
2030
1315
205
610
1836
1734
531
368
93
1669
141
1706
743
684
1838
1465
2127
270
957
1052
526
1218
1354
1046
783
594
2013
918
1895
619
705
1452
1302
734
1994
163
235
1578
644
455
1865
2057
189
1961
1631
1655
864
228
2130
1983
761
459
1182
1248
2039
913
113
138
417
1971
169
533
1237
1313
706
1278
682
641
1924
1798
744
2063
998
1874
1381
1342
670
1675
655
754
483
514
1979
104
1716
1677
1773
1713
920
217
2092
1304
1418
799
318
768
901
549
638
48
201
955
423
330
1417
1521
2134
597
1780
721
742
1582
1890
227
1083
1913
568
1104
2110
985
2149
1599
1439
2136
369
203
1684
231
804
39
1762
726
1688
260
803
909
820
309
628
755
980
99
474
1359
770
386
1903
1785
1040
905
993
1544
681
849
50
1910
492
1714
1029
1692
1693
1969
717
1877
580
1513
126
888
933
687
35
1177
1038
809
1612
1307
2082
1875
296
142
1507
497
1138
1192
959
338
1474
1478
511
1473
1938
102
782
1522
72
485
1593
377
244
977
1726
1181
1626
646
1432
164
1073
794
132
1460
1194
107
219
1420
1502
1618
1920
818
908
265
1729
745
1900
765
1963
171
1944
1276
41
136
25
234
429
917
772
2040
1240
981
623
1410
1932
1993
166
1830
110
1603
1250
1272
708
929
958
300
1647
1917
475
780
2111
427
692
740
494
496
191
2038
1305
1591
1015
1011
1389
1158
1680
1445
174
237
2105
627
969
1329
1137
965
117
1542
1464
691
1864
1671
922
2061
538
1668
2137
1228
2007
1789
882
1712
634
320
1851
536
1187
509
1598
1314
749
1273
469
1217
1310
1517
637
948
2146
889
1747
221
1065
507
282
1279
499
2112
665
16
807
606
301
1404
271
18
968
11
802
148
1488
2000
1843
1266
444
408
488
1562
1021
1742
280
139
537
1453
1388
1393
811
1959
551
1382
405
887
375
1169
582
1045
1518
562
1080
2065
1654
1710
1525
543
1656
1167
576
1947
1139
106
1178
935
1491
1036
428
983
1189
2106
1779
2033
506
1010
827
764
785
120
784
515
1264
707
842
115
732
116
1720
121
924
447
1061
70
1883
542
468
1032
1459
1670
1407
778
739
71
1249
28
1629
544
2100
1108
85
660
1694
661
215
2055
1962
645
2115
118
1111
354
1355
962
1914
1638
1891
1934
652
685
1296
674
1498
599
603
1320
1456
787
1213
1503
196
1879
2145
2140
753
1086
445
1056
650
2108
283
1244
1336
360
200
1066
1861
1171
1783
1579
569
1948
898
59
1615
361
737
651
1678
1715
678
816
836
147
2102
159
1803
1419
2099
125
1058
1019
331
1699
1284
1413
826
658
1042
451
2006
416
656
841
1500
504
519
145
2066
1210
2128
505
1163
388
911
1156
1689
1919
1621
815
1294
821
486
1549
992
1095
1753
2077
137
824
843
17
212
1481
347
1845
554
1808
1280
1384
1071
1107
1157
156
1347
55
1215
430
844
58
495
1984
2011
308
616
162
1911
464
1057
1556
566
1191
1641
84
1466
356
712
902
1995
931
930
2041
1801
942
1260
1364
859
245
2144
1174
2143
414
216
1977
243
1447
1909
2103
738
668
633
22
1512
583
1852
953
54
748
266
607
24
1602
1246
67
292
119
1912
1049
1835
823
937
53
1345
1673
1705
1764
489
1976
1485
346
792
1620
2070
1551

